epoch:0 0.3533  0.7979  0.2167  -1.0000  0.1040  0.3621  0.3942  0.4655  0.4871  -1.0000  0.1000  0.4988  0.4190  0.010000
epoch:1 0.4940  0.9158  0.4522  -1.0000  0.1440  0.5035  0.5170  0.5754  0.5947  -1.0000  0.3800  0.6012  0.1141  0.010000
epoch:2 0.5929  0.9231  0.7005  -1.0000  0.2003  0.6030  0.5865  0.6462  0.6690  -1.0000  0.4400  0.6759  0.0848  0.010000
epoch:3 0.5976  0.9199  0.7237  -1.0000  0.2282  0.6078  0.5801  0.6485  0.6620  -1.0000  0.4200  0.6693  0.0659  0.003300
epoch:4 0.6008  0.9219  0.7142  -1.0000  0.2512  0.6108  0.5865  0.6509  0.6673  -1.0000  0.4600  0.6735  0.0662  0.003300
epoch:5 0.6025  0.9223  0.7350  -1.0000  0.2764  0.6117  0.6047  0.6643  0.6807  -1.0000  0.4600  0.6873  0.0591  0.003300
epoch:6 0.6205  0.9222  0.7681  -1.0000  0.2594  0.6316  0.6099  0.6725  0.6883  -1.0000  0.4000  0.6970  0.0575  0.001089
epoch:7 0.6206  0.9180  0.7443  -1.0000  0.2423  0.6308  0.6099  0.6766  0.6930  -1.0000  0.4200  0.7012  0.0549  0.001089
epoch:8 0.6152  0.9208  0.7772  -1.0000  0.2500  0.6264  0.6000  0.6626  0.6784  -1.0000  0.4000  0.6867  0.0541  0.001089
epoch:9 0.6220  0.9239  0.7958  -1.0000  0.2676  0.6326  0.5988  0.6702  0.6860  -1.0000  0.4400  0.6934  0.0514  0.000359
epoch:10 0.6169  0.9236  0.7778  -1.0000  0.2500  0.6276  0.5977  0.6614  0.6778  -1.0000  0.4000  0.6861  0.0511  0.000359
epoch:11 0.6216  0.9195  0.7673  -1.0000  0.2221  0.6323  0.6117  0.6708  0.6865  -1.0000  0.4000  0.6952  0.0522  0.000359
epoch:12 0.6254  0.9236  0.7762  -1.0000  0.2726  0.6361  0.6070  0.6673  0.6830  -1.0000  0.4200  0.6910  0.0520  0.000119
epoch:13 0.6191  0.9226  0.7742  -1.0000  0.2594  0.6296  0.6041  0.6690  0.6854  -1.0000  0.4000  0.6940  0.0516  0.000119
epoch:14 0.6243  0.9200  0.7711  -1.0000  0.2221  0.6347  0.6129  0.6737  0.6895  -1.0000  0.4000  0.6982  0.0505  0.000119
epoch:15 0.6256  0.9232  0.7938  -1.0000  0.2405  0.6356  0.6070  0.6725  0.6883  -1.0000  0.4000  0.6970  0.0519  0.000039
epoch:16 0.6200  0.9208  0.7678  -1.0000  0.2236  0.6300  0.6018  0.6673  0.6836  -1.0000  0.4200  0.6916  0.0502  0.000039
epoch:17 0.6171  0.9231  0.7648  -1.0000  0.2504  0.6272  0.6058  0.6661  0.6819  -1.0000  0.4600  0.6886  0.0501  0.000039
epoch:18 0.6224  0.9199  0.7755  -1.0000  0.2064  0.6343  0.6053  0.6708  0.6865  -1.0000  0.3800  0.6958  0.0506  0.000013
epoch:19 0.6189  0.9208  0.7736  -1.0000  0.2200  0.6292  0.5988  0.6678  0.6842  -1.0000  0.4600  0.6910  0.0501  0.000013
epoch:20 0.6075  0.9179  0.7377  -1.0000  0.2335  0.6170  0.6000  0.6632  0.6795  -1.0000  0.4000  0.6880  0.0513  0.000013
epoch:21 0.6202  0.9237  0.7540  -1.0000  0.2537  0.6309  0.6029  0.6655  0.6813  -1.0000  0.4400  0.6886  0.0515  0.000004
epoch:22 0.6188  0.9198  0.7731  -1.0000  0.2150  0.6287  0.6058  0.6678  0.6842  -1.0000  0.4000  0.6928  0.0501  0.000004
epoch:23 0.6094  0.9197  0.7741  -1.0000  0.2426  0.6179  0.5959  0.6614  0.6778  -1.0000  0.4400  0.6849  0.0501  0.000004
epoch:24 0.6201  0.9226  0.7937  -1.0000  0.2135  0.6312  0.6006  0.6678  0.6836  -1.0000  0.4000  0.6922  0.0513  0.000001
epoch:25 0.6256  0.9238  0.7795  -1.0000  0.2809  0.6357  0.6047  0.6719  0.6877  -1.0000  0.4600  0.6946  0.0508  0.000001
epoch:26 0.6194  0.9201  0.7576  -1.0000  0.2715  0.6294  0.6018  0.6673  0.6836  -1.0000  0.4200  0.6916  0.0511  0.000001
epoch:27 0.6247  0.9226  0.7785  -1.0000  0.2475  0.6344  0.6129  0.6719  0.6877  -1.0000  0.4600  0.6946  0.0495  0.000000
epoch:28 0.6269  0.9218  0.7742  -1.0000  0.2752  0.6375  0.6088  0.6731  0.6889  -1.0000  0.4600  0.6958  0.0503  0.000000
epoch:29 0.6102  0.9188  0.7417  -1.0000  0.2335  0.6212  0.6029  0.6626  0.6784  -1.0000  0.4000  0.6867  0.0501  0.000000
epoch:30 0.6144  0.9183  0.7471  -1.0000  0.2221  0.6248  0.6029  0.6608  0.6731  -1.0000  0.4000  0.6813  0.0515  0.000000
epoch:31 0.6276  0.9229  0.7940  -1.0000  0.2221  0.6386  0.6064  0.6719  0.6877  -1.0000  0.4000  0.6964  0.0505  0.000000
epoch:32 0.6226  0.9184  0.7898  -1.0000  0.2660  0.6337  0.6129  0.6749  0.6906  -1.0000  0.4000  0.6994  0.0514  0.000000
epoch:33 0.6254  0.9185  0.7804  -1.0000  0.2068  0.6358  0.6123  0.6743  0.6901  -1.0000  0.4400  0.6976  0.0496  0.000000
epoch:34 0.6211  0.9234  0.7418  -1.0000  0.2660  0.6312  0.6047  0.6655  0.6825  -1.0000  0.4000  0.6910  0.0509  0.000000
epoch:35 0.6137  0.9174  0.7632  -1.0000  0.2618  0.6239  0.6018  0.6673  0.6836  -1.0000  0.4600  0.6904  0.0503  0.000000
epoch:36 0.6176  0.9213  0.7570  -1.0000  0.2221  0.6289  0.5965  0.6667  0.6830  -1.0000  0.4000  0.6916  0.0503  0.000000
epoch:37 0.6113  0.9218  0.7582  -1.0000  0.2191  0.6227  0.5959  0.6591  0.6749  -1.0000  0.4200  0.6825  0.0504  0.000000
epoch:38 0.6220  0.9222  0.7668  -1.0000  0.2221  0.6318  0.6082  0.6713  0.6877  -1.0000  0.4000  0.6964  0.0506  0.000000
epoch:39 0.6289  0.9212  0.7864  -1.0000  0.2219  0.6396  0.6064  0.6719  0.6889  -1.0000  0.4200  0.6970  0.0505  0.000000
epoch:40 0.6244  0.9234  0.7603  -1.0000  0.2561  0.6354  0.6094  0.6725  0.6883  -1.0000  0.4200  0.6964  0.0507  0.000000
epoch:41 0.6212  0.9227  0.7771  -1.0000  0.2436  0.6309  0.6047  0.6702  0.6865  -1.0000  0.4200  0.6946  0.0514  0.000000
epoch:42 0.6211  0.9236  0.7913  -1.0000  0.2080  0.6308  0.6041  0.6655  0.6813  -1.0000  0.4000  0.6898  0.0504  0.000000
epoch:43 0.6180  0.9228  0.7520  -1.0000  0.2755  0.6293  0.6018  0.6667  0.6830  -1.0000  0.4400  0.6904  0.0500  0.000000
epoch:44 0.6137  0.9213  0.7474  -1.0000  0.2546  0.6238  0.6006  0.6673  0.6830  -1.0000  0.4000  0.6916  0.0508  0.000000
epoch:45 0.6274  0.9211  0.7903  -1.0000  0.2408  0.6383  0.6123  0.6731  0.6889  -1.0000  0.4200  0.6970  0.0506  0.000000
epoch:46 0.6206  0.9234  0.7572  -1.0000  0.2405  0.6318  0.6012  0.6684  0.6848  -1.0000  0.4000  0.6934  0.0502  0.000000
epoch:47 0.6234  0.9234  0.7706  -1.0000  0.2283  0.6338  0.6076  0.6719  0.6877  -1.0000  0.4600  0.6946  0.0507  0.000000
epoch:48 0.6122  0.9191  0.7475  -1.0000  0.2604  0.6231  0.6058  0.6620  0.6778  -1.0000  0.4000  0.6861  0.0482  0.000000
epoch:49 0.6257  0.9226  0.7685  -1.0000  0.2721  0.6365  0.6099  0.6702  0.6865  -1.0000  0.4200  0.6946  0.0515  0.000000
epoch:50 0.6233  0.9229  0.7785  -1.0000  0.2448  0.6343  0.6140  0.6737  0.6895  -1.0000  0.4400  0.6970  0.0508  0.000000
epoch:51 0.6240  0.9179  0.7528  -1.0000  0.2361  0.6334  0.6070  0.6731  0.6895  -1.0000  0.4800  0.6958  0.0510  0.000000
epoch:52 0.6200  0.9180  0.7638  -1.0000  0.2176  0.6302  0.6047  0.6690  0.6848  -1.0000  0.4600  0.6916  0.0511  0.000000
epoch:53 0.6227  0.9226  0.7856  -1.0000  0.2649  0.6325  0.6088  0.6702  0.6860  -1.0000  0.4600  0.6928  0.0498  0.000000
epoch:54 0.6176  0.9224  0.7693  -1.0000  0.2792  0.6274  0.6041  0.6690  0.6854  -1.0000  0.4600  0.6922  0.0488  0.000000
epoch:55 0.6243  0.9215  0.7798  -1.0000  0.2097  0.6356  0.6105  0.6754  0.6912  -1.0000  0.4200  0.6994  0.0507  0.000000
epoch:56 0.6156  0.9218  0.7533  -1.0000  0.2660  0.6255  0.6053  0.6649  0.6807  -1.0000  0.4000  0.6892  0.0496  0.000000
epoch:57 0.6170  0.9239  0.7798  -1.0000  0.2500  0.6278  0.6018  0.6632  0.6789  -1.0000  0.4000  0.6873  0.0516  0.000000
epoch:58 0.6150  0.9190  0.7622  -1.0000  0.1973  0.6258  0.6029  0.6661  0.6825  -1.0000  0.4200  0.6904  0.0505  0.000000
epoch:59 0.6229  0.9206  0.7627  -1.0000  0.2335  0.6338  0.6064  0.6713  0.6871  -1.0000  0.4000  0.6958  0.0513  0.000000
epoch:60 0.6198  0.9212  0.7688  -1.0000  0.2660  0.6305  0.6018  0.6667  0.6825  -1.0000  0.4000  0.6910  0.0515  0.000000
epoch:61 0.6187  0.9227  0.7551  -1.0000  0.2583  0.6281  0.6064  0.6649  0.6807  -1.0000  0.4400  0.6880  0.0509  0.000000
epoch:62 0.6251  0.9206  0.7881  -1.0000  0.2407  0.6353  0.6105  0.6743  0.6865  -1.0000  0.4200  0.6946  0.0504  0.000000
epoch:63 0.6161  0.9209  0.7633  -1.0000  0.2715  0.6263  0.5982  0.6620  0.6784  -1.0000  0.4200  0.6861  0.0507  0.000000
epoch:64 0.6161  0.9212  0.7771  -1.0000  0.2047  0.6271  0.6029  0.6690  0.6848  -1.0000  0.4200  0.6928  0.0507  0.000000
epoch:65 0.6242  0.9238  0.7690  -1.0000  0.2290  0.6354  0.6105  0.6713  0.6871  -1.0000  0.4600  0.6940  0.0498  0.000000
epoch:66 0.6179  0.9244  0.7818  -1.0000  0.2660  0.6280  0.6047  0.6649  0.6807  -1.0000  0.4000  0.6892  0.0502  0.000000
epoch:67 0.6198  0.9210  0.7746  -1.0000  0.2405  0.6307  0.6006  0.6678  0.6836  -1.0000  0.4000  0.6922  0.0497  0.000000
epoch:68 0.6222  0.9179  0.7818  -1.0000  0.2236  0.6332  0.6146  0.6731  0.6895  -1.0000  0.4200  0.6976  0.0498  0.000000
epoch:69 0.6082  0.9164  0.7463  -1.0000  0.2489  0.6175  0.5924  0.6614  0.6778  -1.0000  0.4400  0.6849  0.0516  0.000000
epoch:70 0.6225  0.9229  0.7524  -1.0000  0.2752  0.6324  0.6035  0.6678  0.6842  -1.0000  0.4600  0.6910  0.0514  0.000000
epoch:71 0.6253  0.9248  0.7954  -1.0000  0.2500  0.6368  0.6099  0.6690  0.6848  -1.0000  0.4000  0.6934  0.0507  0.000000
epoch:72 0.6187  0.9218  0.7619  -1.0000  0.2154  0.6303  0.6088  0.6678  0.6836  -1.0000  0.4400  0.6910  0.0504  0.000000
epoch:73 0.6235  0.9230  0.7760  -1.0000  0.2335  0.6347  0.6123  0.6708  0.6865  -1.0000  0.4000  0.6952  0.0507  0.000000
epoch:74 0.6189  0.9229  0.7497  -1.0000  0.2545  0.6287  0.6000  0.6684  0.6842  -1.0000  0.4600  0.6910  0.0521  0.000000
epoch:75 0.6198  0.9216  0.7682  -1.0000  0.2335  0.6307  0.6029  0.6690  0.6848  -1.0000  0.4000  0.6934  0.0497  0.000000
epoch:76 0.6252  0.9251  0.7925  -1.0000  0.2194  0.6355  0.6076  0.6702  0.6860  -1.0000  0.4200  0.6940  0.0503  0.000000
epoch:77 0.6198  0.9241  0.7872  -1.0000  0.2500  0.6303  0.6023  0.6673  0.6836  -1.0000  0.4000  0.6922  0.0513  0.000000
epoch:78 0.6189  0.9216  0.7525  -1.0000  0.2721  0.6304  0.6012  0.6696  0.6854  -1.0000  0.4200  0.6934  0.0508  0.000000
epoch:79 0.6194  0.9204  0.7746  -1.0000  0.2753  0.6305  0.6105  0.6702  0.6860  -1.0000  0.4400  0.6934  0.0509  0.000000
epoch:80 0.6090  0.9196  0.7300  -1.0000  0.2726  0.6187  0.5971  0.6614  0.6772  -1.0000  0.4600  0.6837  0.0516  0.000000
epoch:81 0.6235  0.9220  0.7840  -1.0000  0.2135  0.6339  0.6035  0.6690  0.6860  -1.0000  0.4000  0.6946  0.0499  0.000000
epoch:82 0.6168  0.9212  0.7703  -1.0000  0.2293  0.6276  0.6041  0.6690  0.6854  -1.0000  0.4400  0.6928  0.0509  0.000000
epoch:83 0.6233  0.9235  0.7664  -1.0000  0.2405  0.6338  0.6105  0.6719  0.6877  -1.0000  0.4000  0.6964  0.0511  0.000000
epoch:84 0.6122  0.9185  0.7532  -1.0000  0.2467  0.6212  0.6000  0.6643  0.6801  -1.0000  0.4400  0.6873  0.0513  0.000000
epoch:85 0.6206  0.9214  0.7664  -1.0000  0.2335  0.6312  0.6029  0.6678  0.6836  -1.0000  0.4000  0.6922  0.0513  0.000000
epoch:86 0.6252  0.9216  0.7652  -1.0000  0.2287  0.6364  0.6053  0.6702  0.6860  -1.0000  0.4200  0.6940  0.0517  0.000000
epoch:87 0.6192  0.9218  0.7684  -1.0000  0.2462  0.6298  0.6076  0.6673  0.6830  -1.0000  0.4200  0.6910  0.0504  0.000000
epoch:88 0.6158  0.9172  0.7375  -1.0000  0.2752  0.6260  0.6076  0.6684  0.6848  -1.0000  0.4600  0.6916  0.0500  0.000000
epoch:89 0.6186  0.9223  0.7622  -1.0000  0.2748  0.6291  0.6082  0.6667  0.6825  -1.0000  0.4200  0.6904  0.0495  0.000000
epoch:90 0.6148  0.9220  0.7757  -1.0000  0.2640  0.6245  0.5971  0.6655  0.6813  -1.0000  0.4600  0.6880  0.0504  0.000000
epoch:91 0.6177  0.9194  0.7749  -1.0000  0.2158  0.6281  0.6076  0.6673  0.6836  -1.0000  0.4200  0.6916  0.0506  0.000000
epoch:92 0.6204  0.9221  0.7726  -1.0000  0.2335  0.6309  0.5988  0.6643  0.6801  -1.0000  0.4000  0.6886  0.0506  0.000000
epoch:93 0.6263  0.9199  0.7885  -1.0000  0.2395  0.6381  0.6117  0.6754  0.6918  -1.0000  0.4600  0.6988  0.0512  0.000000
epoch:94 0.6126  0.9155  0.7586  -1.0000  0.2036  0.6237  0.6012  0.6632  0.6754  -1.0000  0.4000  0.6837  0.0518  0.000000
epoch:95 0.6156  0.9210  0.7803  -1.0000  0.2300  0.6259  0.6076  0.6673  0.6825  -1.0000  0.3800  0.6916  0.0511  0.000000
epoch:96 0.6173  0.9218  0.7793  -1.0000  0.2493  0.6279  0.6018  0.6655  0.6813  -1.0000  0.4000  0.6898  0.0509  0.000000
epoch:97 0.6154  0.9218  0.7617  -1.0000  0.2739  0.6256  0.6035  0.6655  0.6813  -1.0000  0.4200  0.6892  0.0506  0.000000
epoch:98 0.6072  0.9182  0.7306  -1.0000  0.2349  0.6175  0.5918  0.6579  0.6743  -1.0000  0.4200  0.6819  0.0504  0.000000
epoch:99 0.6242  0.9229  0.7664  -1.0000  0.2500  0.6351  0.6018  0.6708  0.6865  -1.0000  0.4000  0.6952  0.0506  0.000000
